Distribution Samples (8 samples of 4-dim vectors each)
======================================================================

--- gaussian ---
Standard normal N(0,1). Smooth, symmetric, light tails.

  [ +1.927   +1.487   +0.901   -2.106]
  [ +0.678   -1.235   -0.043   -1.605]
  [ -0.752   +1.649   -0.392   -1.404]
  [ -0.728   -0.559   -0.769   +0.762]
  [ +1.642   -0.160   -0.497   +0.440]
  [ -0.758   +1.078   +0.801   +1.681]
  [ +1.279   +1.296   +0.610   +1.335]
  [ -0.232   +0.042   -0.252   +0.860]

--- half_gaussian ---
Folded normal |N(0,1)|. All positive, same spread.

  [ +1.385   +0.871   +0.223   +1.717]
  [ +0.319   +0.425   +0.306   +0.775]
  [ +1.558   +0.996   +0.880   +0.601]
  [ +1.274   +2.123   +1.235   +0.488]
  [ +0.914   +0.658   +0.078   +0.526]
  [ +0.488   +1.191   +0.814   +0.736]
  [ +1.403   +0.036   +0.063   +0.676]
  [ +0.098   +1.845   +1.185   +1.384]

--- bimodal ---
Mixture: ±1 + N(0, 0.09). Values cluster around +1 or -1.

  [ -1.753   +1.146   +1.235   -0.991]
  [ +1.192   +1.175   +1.320   +0.865]
  [ -1.056   +1.226   -0.879   +1.054]
  [ +1.079   +1.382   -1.000   +0.909]
  [ -1.437   +0.969   -1.180   +1.143]
  [ -0.782   -0.973   +0.883   -0.842]
  [ +0.996   +1.072   +1.040   +1.229]
  [ +1.329   +1.102   +1.216   +1.123]

--- uniform ---
Uniform on [-1, 1]. Flat, no tails.

  [ +0.838   -0.198   +0.860   +0.312]
  [ -0.847   +0.692   -0.275   -0.383]
  [ -0.830   -0.994   +0.286   -0.218]
  [ +0.389   -0.821   +0.742   -0.734]
  [ -0.173   +0.209   +0.516   +0.807]
  [ +0.911   -0.793   +0.252   -0.430]
  [ -0.110   -0.748   +0.911   -0.734]
  [ +0.534   +0.351   +0.325   -0.541]

--- laplace ---
Laplace(0, 1/sqrt(2)). Var=1, excess kurtosis=3. Sharp peak, heavy tails.

  [ +1.694   +0.175   +0.097   -1.507]
  [ +0.385   -0.115   -0.433   +1.385]
  [ +0.178   -0.570   -0.499   -0.035]
  [ +0.578   -0.209   -0.598   -0.296]
  [ -0.972   +0.312   +1.052   -2.007]
  [ +0.187   +0.514   +0.141   -0.311]
  [ +0.522   +0.527   +0.331   -0.137]
  [ -0.218   +0.080   -0.137   -0.250]

--- sparse_spikes ---
p=0.25 chance of N(0,1)/sqrt(p), else 0. Mostly zeros with occasional large values.

  [ -0.000   +0.000   +0.000   -0.000]
  [ -0.000   +0.000   +0.000   +0.000]
  [ -0.144   -0.000   -0.000   -0.000]
  [ +0.000   +0.156   +0.386   +0.819]
  [ -0.000   +0.000   -0.000   +0.000]
  [ -1.744   -0.054   -0.000   +0.000]
  [ +0.000   -0.000   +0.000   +0.000]
  [ +1.079   +0.000   +0.000   +0.000]

--- permutation ---
Random permutation of [1,2,3,4]. Only 24 possible inputs.

  [ +3.000   +4.000   +2.000   +1.000]
  [ +3.000   +4.000   +2.000   +1.000]
  [ +1.000   +3.000   +2.000   +4.000]
  [ +2.000   +4.000   +1.000   +3.000]
  [ +3.000   +2.000   +4.000   +1.000]
  [ +4.000   +2.000   +1.000   +3.000]
  [ +1.000   +2.000   +3.000   +4.000]
  [ +2.000   +1.000   +4.000   +3.000]

--- correlated_gaussian ---
N(0, Sigma) with off-diagonal correlations. Dimensions move together.

  [ +0.864   +0.338   -0.875   -0.892]
  [ +0.799   +1.185   +0.559   +0.435]
  [ -0.481   -0.195   +0.321   +0.788]
  [ +0.251   +0.247   -0.067   +1.400]
  [ +0.523   +1.001   +0.342   -0.367]
  [ -0.557   -1.027   +0.154   +0.282]
  [ +0.346   -0.047   +0.598   +0.050]
  [ +1.068   +0.703   +0.051   -0.606]
